*****************************************************************
-----------------------------------------------------------------
			|Seat Matrix|
-----------------------------------------------------------------


----------------Silver Tier Seats [A1-D20]-------------------

A: 1 2 3 4 5 6 7 8 9 10 11 12 13 14 15 16 17 18 19 20
B: 1 2 3 4 5 6 7 8 9 10 11 12 13 14 15 16 17 18 19 20
C: 1 2 3 4 5 6 7 8 9 10 11 12 13 14 15 16 17 18 19 20
D: 1 2 3 4 5 6 7 8 9 10 11 12 13 14 15 16 17 18 19 20

----------------Gold Tier Seats  [E1-K16]---------------------
E:      1 2 3 4 5 6 7 8 9 10 11 12 13 14 15 16 
F:      1 2 3 4 5 6 7 8 9 10 11 12 13 14 15 16 
G:      1 2 3 4 5 6 7 8 9 10 11 12 13 14 15 16 
H:      1 2 3 4 5 6 7 8 9 10 11 12 13 14 15 16
I:      1 2 3 4 5 6 7 8 9 10 11 12 13 14 15 16 
J:      1 2 3 4 5 6 7 8 9 10 11 12 13 14 15 16 
K:      1 2 3 4 5 6 7 8 9 10 11 12 13 14 15 16

----------------Platinium Tier Seats [L1-N20]------------------
L: 1 2 3 4 5 6 7 8 9 10 11 12 13 14 15 16 17 18 19 20
M: 1 2 3 4 5 6 7 8 9 10 11 12 13 14 15 16 17 18 19 20
N: 1 2 3 4 5 6 7 8 9 10 11 12 13 14 15 16 17 18 19 20
